162) 1008
164) 1092 err 840
167) 168
171) 4325
176) 1125
177) 840
178) 2882
180) 1545
182) 195
184) 102 err 104
200) 165
201) 11628
204) 104544, 26376 err 6480
206) 6860
207) 1800
212) 30240 err 15120
213) 3120
217) 4704
218) 1526
220) 5008
224) 129
225) 1744, 2456
229) 363416 err 466456
230) 1572864
296) 2006 err 1986
317) 5136 err 3888
318) 7156 err 5528
323) 5888
324)
328) 285687
333) 895483904
334)
340)
351) 107406 err 45360
360) 3000 err 2999
364) 65
365) 15387
427) 3807
430) 217, 291 err 285
451) 235
452) 827352
453) 8116
454) 1614